
pig		572.79	0005	1.75	12.09	868240	2%

crunch	4	379.33	0003	0.80	6.53	529664	1%

spark finding correct number of splits
200 splits, no parallel fetching
spark	4	512.71	6.01	24.48	7288544	5%
version 0, 200 splits, no parallel fetching
spark	0	920.57	3.34	17.49	1851376	2%
120 splits, no parallel fetching, 0.3 memory bound (no difference)
spark	4	517.05	5.69	23.35	7080560	5%


######### offical tpch runs:
crunch	0	875.16	0012	1.37	7.52	535248	1%
crunch	1	702.03	0014	1.30	7.08	703936	1%
crunch	2	653.49	0016	1.08	7.02	554416	1%
crunch	3	627.37	0018	1.09	6.87	541648	1%
crunch	4	373.59	0020	1.03	6.77	535856	2%
crunch	0	813.42	0022	1.23	6.91	423536	1%
crunch	1	684.50	0024	1.09	7.10	530192	1%
crunch	2	636.68	0026	1.12	6.95	556688	1%
crunch	3	647.00	0028	1.04	6.61	536992	1%
crunch	4	370.76	0030	0.93	5.96	531456	1%
crunch	0	830.77	0032	1.13	6.84	664064	0%
crunch	1	707.26	0034	1.07	7.44	440048	1%
crunch	2	645.18	0036	1.15	7.06	561760	1%
crunch	3	633.10	0038	1.22	6.96	676672	1%
crunch	4	369.93	0040	0.98	6.56	545920	2%
 12  21398
 14  16587
 16  17875
 18  14347
 20   7150
 22  21474
 24  16624
 26  17853
 28  14341
 30   7175
 32  21453
 34  16617
 36  17960
 38  14317
 40   7173


pig	584.91	0042	1.82	12.18	858816	2%
pig	558.30	0044	1.74	11.96	861728	2%
pig	562.60	0046	1.78	11.95	885808	2%
 42  11700
 44  11762
 46  11719

manual	4	351.50	0052	0.70	5.77	400560	1%
manual	4	350.41	0054	0.64	5.66	504592	1%
manual	4	360.09	0056	0.72	5.56	400816	1%
 52   7161
 54   7158
 56   7100



spark	0	911.38	3.45	17.48	1727152	2%
spark	1	831.42	6.40	26.39	7208736	3%
spark	2	679.15	3.06	16.77	1705424	2%
spark	3	803.83	6.66	26.36	7259552	4%
spark	4	524.89	15.11	25.72	7284400	7%
spark	0	929.05	3.56	18.08	1765952	2%
spark	1	837.00	7.01	26.10	7108864	3%
spark	2	690.46	3.29	17.44	1949056	3%
spark	3	817.03	110	5.81	26.50	5263840	3%
spark	4	542.44	111	5.46	25.42	5350864	5%
spark	0	952.84	112	3.37	18.13	1699840	2%
spark	1	870.79	113	6.84	27.10	5098448	3%
spark	2	695.35	114	3.03	16.44	1630832	2%
spark	3	833.36	115	6.82	27.04	5144080	4%
spark	4	531.09	116	14.91	25.66	5444848	7%

###################### wordcounts


crunch	4	948.75	0010	1.19	7.30	699424	0%

pig		1103.76	0058	1.73	11.18	615904	1%
pig		1099.73	0059	1.88	11.40	617696	1%
pig		1054.04	0008	1.94	11.25	621264	1%

##### real data

pig		1166.42	0023	2.01	12.01	797824	1%
pig		1166.25	0024	1.65	12.35	801760	1%

spark	0	458.18	55	2.10	11.84	1429776	3%
spark	1	423.19	56	2.05	11.29	1326112	3%
spark	2	285.36	57	1.84	10.63	1397520	4%
spark	3	245.14	58	1.92	10.33	1377344	5%
spark	4	186.91	59	5.67	25.05	8139952	16%
spark	0	449.52	60	2.01	11.83	1448112	3%
spark	1	422.08	61	2.09	11.40	1335424	3%
spark	2	276.05	62	1.81	10.63	1407632	4%
spark	3	245.56	63	1.88	10.50	1388512	5%
spark	4	184.53	64	5.64	24.93	8000512	16%
spark	0	453.13	65	2.06	11.64	1437520	3%
spark	1	425.69	66	1.98	11.33	1228992	3%
spark	2	281.39	67	1.84	10.70	1395408	4%
spark	3	244.46	68	1.89	10.75	1412784	5%
spark	4	189.25	69	5.76	24.82	8150960	16%



crunch	0	928.45	0005	1.13	5.82	476752	0%
crunch	1	960.91	0006	1.14	6.12	459392	0%
crunch	2	805.29	0007	1.05	6.19	476928	0%
crunch	3	763.55	0008	1.05	5.92	596864	0%
crunch	4	711.50	0009	1.04	7.48	567264	1%
crunch	0	994.82	0010	1.23	6.21	359408	0%
crunch	1	985.64	0011	1.06	6.55	372640	0%
crunch	2	816.43	0012	1.08	6.28	361120	0%
crunch	3	710.99	0013	1.02	5.98	475680	0%
crunch	4	680.28	0014	1.14	7.28	618592	1%
crunch	0	1038.48	0015	1.22	6.48	478384	0%
crunch	1	1034.31	0016	1.23	6.28	466800	0%
crunch	2	858.28	0017	1.21	6.35	579440	0%
crunch	3	773.46	0018	1.02	5.98	473296	0%
crunch	4	730.33	0019	1.05	7.08	648576	1%

manual	4	487.26	0020	0.75	5.01	392400	1%
manual	4	486.54	0021	0.67	5.24	473408	1%
manual	4	486.26	0022	0.66	4.97	465072	1%

